SampleID Num_reads Num_R1 Num_R2 Num_Paired Num_MateMapped Num_Singletons Num_MateMappedDiffChr Coverage_depth
	2933791	1465285	1468506	1920552	2698632	56456	756580	2.6482
2027_41_F	2469077	1233259	1235818	1670396	2286054	44919	598954	2.58493
2027_41_J	2700055	1348735	1351320	1810328	2477604	57303	644676	2.66583
2027_42_H	2896913	1447581	1449332	1938810	2672054	52215	710946	2.73152
2027_42_J	3316436	1657225	1659211	2244730	3056364	54857	785972	2.88411
2027_43_G	1934285	966644	967641	1339208	1790640	34156	437518	2.50723
2027_44_G	2466916	1233240	1233676	1684122	2292764	39259	591378	2.61559
2027_44_H	2786047	1391309	1394738	1808504	2557140	57679	725938	2.54751
2027_45_I		
